[Offset]
ID_01=0
ID_02=0
ID_03=100
ID_04=-50
ID_05=-40
ID_06=0
ID_07=-25
ID_08=-35
ID_09=0
ID_10=-20
ID_11=-20
ID_12=20
ID_13=0
ID_14=0
ID_15=-80
ID_16=60
ID_17=-20
ID_18=-20
ID_19=0
ID_20=0

[Walking Config]
x_offset=-10.000000
y_offset=5.000000
z_offset=20.000000
roll_offset=0.000000
pitch_offset=0.000000
yaw_offset=0.000000
hip_pitch_offset=13.000000
period_time=600.000000
dsp_ratio=0.100000
step_forward_back_ratio=0.280000
foot_height=40.000000
swing_right_left=20.000000
swing_top_down=5.000000
pelvis_offset=3.000000
arm_swing_gain=1.500000
balance_knee_gain=0.300000
balance_ankle_pitch_gain=0.900000
balance_hip_roll_gain=0.500000
balance_ankle_roll_gain=1.000000
p_gain=32
i_gain=0

d_gain=0
