[Offset]
ID_01=0
ID_02=0
ID_03=80
ID_04=-20
ID_05=0
ID_06=0
ID_07=-27
ID_08=-59
ID_09=10
ID_10=-17
ID_11=4
ID_12=0
ID_13=-9
ID_14=0
ID_15=-26
ID_16=0
ID_17=-4
ID_18=-6
ID_19=0
ID_20=0

[Walking Config]
x_offset=-10.000000
y_offset=6.700000
z_offset=20.000000
roll_offset=-0.000000
pitch_offset=4.500000
yaw_offset=0.000000
hip_pitch_offset=9.000000
period_time=600.000000
dsp_ratio=0.100000
step_forward_back_ratio=0.280000
foot_height=40.000000
swing_right_left=20.000000
swing_top_down=5.000000
pelvis_offset=3.000000
arm_swing_gain=1.500000
balance_knee_gain=0.300000
balance_ankle_pitch_gain=0.900000
balance_hip_roll_gain=0.500000
balance_ankle_roll_gain=1.000000
p_gain=32
i_gain=0
d_gain=0

